10,134
10,306
10,218
10,112
10,252
10,146
10,168
10,138
10,2
10,3
11,4
11,18
11,12
9,7
9,6
9,1
9,4
9,2
9,3
8,11
8,13
8,8
8,17
61,4
61,3
61,2
61,1
61,0
59,3
59,2
59,1
59,0
49,4
49,3
49,2
49,1
49,0
48,5
48,4
48,3
48,2
48,1
48,0
47,4
47,3
47,2
47,1
47,0
45,5
45,4
45,3
45,2
45,1
45,0
42,5
42,4
42,3
42,2
42,1
42,0
40,5
40,4
40,3
40,2
40,1
40,0
36,4
36,3
36,1
31,5
31,1
28,3
28,1
20,3
20,2
20,1
19,3
19,2
19,1
18,1
12,3
18,3
12,2
12,1
11,29
11,27
11,25
14,1
11,23
14,3
11,21
13,1
11,20
13,3
11,19
11,17
11,16
11,15
11,14
11,13
11,11
11,10
11,9
11,5
11,3
11,2
11,1
10,301
10,291
